1	22.11	21.58	21.72	22.02	21.76	21.32	21.85	21.33
2	22.03	21.94	22.23	21.95	21.66	22.28	21.75	21.32
3	22.03	23.66	24.30	21.96	22.12	24.95	22.08	21.32
4	22.28	25.62	26.54	22.25	23.09	27.36	22.96	21.32
5	22.77	27.39	28.55	22.77	24.26	29.34	24.12	21.32
6	23.40	28.91	30.26	23.44	25.49	30.97	25.38	21.33
7	24.10	30.21	31.67	24.17	26.71	32.35	26.62	21.35
8	24.82	31.32	32.86	24.91	27.88	33.53	27.80	21.38
9	25.54	32.26	33.85	25.65	28.99	34.56	28.90	21.44
10	26.25	33.08	34.70	26.37	30.04	35.49	29.89	21.51
11	26.93	33.80	35.42	27.06	31.04	36.31	30.79	21.61
12	27.60	34.43	36.03	27.71	31.96	37.05	31.60	21.72
13	28.24	34.99	36.57	28.34	32.82	37.73	32.32	21.85
14	28.86	35.51	37.05	28.93	33.63	38.35	32.97	21.99
15	29.45	35.97	37.47	29.50	34.37	38.91	33.55	22.16
16	30.01	36.40	37.84	30.02	35.06	39.44	34.08	22.33
17	30.54	36.79	38.18	30.53	35.70	39.91	34.55	22.52
18	31.06	37.16	38.48	31.01	36.30	40.35	34.97	22.72
19	31.54	37.50	38.76	31.46	36.86	40.76	35.35	22.92
20	32.02	37.83	39.02	31.88	37.38	41.13	35.70	23.11
21	32.47	38.13	39.26	32.28	37.85	41.48	36.02	23.31
22	32.90	38.42	39.48	32.67	38.30	41.81	36.31	23.52
23	33.32	38.69	39.69	33.03	38.73	42.10	36.57	23.72
24	33.71	38.95	39.89	33.37	39.11	42.38	36.82	23.93
25	34.09	39.20	40.07	33.70	39.48	42.65	37.04	24.13
26	34.45	39.44	40.24	34.01	39.82	42.89	37.25	24.33
27	34.80	39.67	40.41	34.31	40.14	43.12	37.44	24.53
28	35.13	39.88	40.57	34.58	40.44	43.34	37.62	24.73
29	35.46	40.10	40.72	34.86	40.72	43.54	37.79	24.92
30	35.77	40.30	40.87	35.11	40.99	43.73	37.95	25.11
31	36.07	40.49	41.00	35.35	41.24	43.91	38.10	25.29
32	36.36	40.69	41.14	35.59	41.47	44.08	38.24	25.47
33	36.63	40.87	41.27	35.81	41.70	44.24	38.37	25.65
34	36.90	41.04	41.39	36.02	41.90	44.40	38.50	25.83
35	37.15	41.21	41.52	36.22	42.10	44.54	38.62	25.99
36	37.40	41.38	41.63	36.42	42.29	44.68	38.73	26.16
37	37.64	41.54	41.74	36.60	42.47	44.81	38.84	26.33
38	37.86	41.70	41.85	36.79	42.63	44.94	38.94	26.49
39	38.09	41.85	41.96	36.96	42.79	45.05	39.05	26.64
40	38.30	42.00	42.06	37.13	42.94	45.17	39.14	26.79
41	38.51	42.14	42.17	37.29	43.09	45.28	39.24	26.95
42	38.71	42.28	42.27	37.44	43.23	45.39	39.33	27.09
43	38.90	42.42	42.37	37.60	43.37	45.49	39.43	27.24
44	39.09	42.55	42.46	37.74	43.49	45.59	39.51	27.38
45	39.27	42.68	42.55	37.89	43.62	45.69	39.60	27.52
46	39.45	42.81	42.64	38.02	43.74	45.78	39.68	27.66
47	39.62	42.93	42.73	38.14	43.86	45.87	39.77	27.80
48	39.79	43.04	42.82	38.28	43.97	45.96	39.85	27.93
49	39.94	43.16	42.91	38.40	44.08	46.05	39.93	28.05
50	40.10	43.28	42.99	38.52	44.19	46.13	40.00	28.18
51	40.25	43.38	43.07	38.63	44.29	46.22	40.08	28.31
52	40.39	43.49	43.15	38.75	44.39	46.30	40.16	28.43
53	40.54	43.60	43.23	38.86	44.48	46.37	40.24	28.55
54	40.68	43.71	43.31	38.96	44.58	46.45	40.31	28.67
55	40.82	43.81	43.39	39.07	44.66	46.53	40.38	28.79
56	40.95	43.91	43.47	39.17	44.75	46.60	40.46	28.90
57	41.08	44.02	43.54	39.28	44.84	46.67	40.53	29.02
58	41.21	44.11	43.62	39.38	44.93	46.74	40.60	29.13
59	41.34	44.21	43.69	39.47	45.01	46.82	40.67	29.25
60	41.46	44.30	43.77	39.57	45.09	46.88	40.74	29.36
61	41.57	44.39	43.83	39.66	45.17	46.95	40.81	29.46
62	41.69	44.48	43.91	39.75	45.25	47.02	40.88	29.57
63	41.80	44.57	43.98	39.84	45.33	47.09	40.96	29.68
64	41.92	44.66	44.05	39.93	45.40	47.16	41.02	29.78
65	42.02	44.75	44.12	40.01	45.48	47.22	41.09	29.88
66	42.13	44.84	44.19	40.10	45.55	47.29	41.16	29.99
67	42.24	44.92	44.26	40.18	45.63	47.36	41.23	30.09
68	42.34	45.00	44.32	40.26	45.70	47.42	41.30	30.19
69	42.43	45.08	44.39	40.34	45.78	47.48	41.36	30.29
70	42.53	45.16	44.45	40.42	45.85	47.55	41.44	30.39
71	42.63	45.24	44.51	40.49	45.91	47.61	41.50	30.49
72	42.72	45.32	44.58	40.57	45.98	47.67	41.56	30.58
73	42.81	45.40	44.65	40.65	46.05	47.73	41.63	30.68
74	42.90	45.47	44.71	40.72	46.12	47.79	41.70	30.77
75	42.99	45.55	44.78	40.80	46.19	47.86	41.77	30.87
76	43.08	45.63	44.84	40.87	46.25	47.92	41.83	30.96
77	43.16	45.69	44.90	40.94	46.32	47.97	41.89	31.05
78	43.25	45.77	44.97	41.02	46.38	48.04	41.96	31.14
79	43.33	45.84	45.02	41.09	46.45	48.10	42.03	31.23
80	43.41	45.92	45.09	41.15	46.51	48.16	42.09	31.32
81	43.49	45.99	45.15	41.22	46.58	48.21	42.16	31.41
82	43.58	46.05	45.21	41.29	46.64	48.27	42.22	31.49
83	43.66	46.13	45.26	41.35	46.70	48.33	42.28	31.59
84	43.74	46.20	45.33	41.42	46.77	48.39	42.35	31.67
85	43.81	46.26	45.39	41.49	46.82	48.45	42.41	31.75
86	43.89	46.33	45.44	41.55	46.88	48.50	42.48	31.84
87	43.96	46.40	45.50	41.62	46.95	48.56	42.53	31.92
88	44.04	46.46	45.56	41.68	47.01	48.62	42.60	32.00
89	44.11	46.52	45.62	41.74	47.07	48.68	42.66	32.09
90	44.17	46.59	45.68	41.81	47.12	48.73	42.73	32.17
91	44.24	46.65	45.73	41.87	47.18	48.79	42.79	32.25
92	44.31	46.72	45.79	41.93	47.24	48.84	42.85	32.34
93	44.38	46.77	45.85	41.99	47.30	48.90	42.91	32.42
94	44.45	46.83	45.90	42.05	47.36	48.95	42.97	32.49
95	44.52	46.90	45.95	42.11	47.42	49.01	43.04	32.57
96	44.58	46.96	46.01	42.17	47.47	49.06	43.10	32.65
97	44.65	47.02	46.06	42.23	47.53	49.12	43.16	32.73
98	44.71	47.08	46.12	42.29	47.58	49.17	43.22	32.80
99	44.78	47.13	46.17	42.35	47.64	49.23	43.28	32.88
100	44.84	47.20	46.23	42.40	47.70	49.28	43.34	32.96
101	44.91	47.26	46.28	42.46	47.75	49.34	43.40	33.03
102	44.97	47.32	46.33	42.52	47.81	49.38	43.46	33.11
103	45.03	47.37	46.39	42.57	47.86	49.44	43.52	33.18
104	45.09	47.43	46.45	42.62	47.91	49.49	43.57	33.25
105	45.15	47.49	46.50	42.68	47.97	49.54	43.63	33.33
106	45.21	47.55	46.55	42.74	48.02	49.60	43.69	33.40
107	45.28	47.60	46.60	42.79	48.07	49.64	43.75	33.47
108	45.33	47.66	46.66	42.85	48.12	49.69	43.81	33.54
109	45.39	47.72	46.71	42.90	48.17	49.74	43.87	33.62
110	45.45	47.77	46.76	42.96	48.22	49.79	43.92	33.68
111	45.51	47.82	46.81	43.01	48.27	49.84	43.98	33.76
112	45.57	47.88	46.86	43.06	48.32	49.89	44.04	33.83
113	45.63	47.93	46.91	43.11	48.38	49.94	44.09	33.90
114	45.68	47.99	46.96	43.17	48.43	49.99	44.16	33.96
115	45.74	48.04	47.01	43.21	48.47	50.04	44.20	34.03
116	45.80	48.10	47.06	43.28	48.53	50.09	44.26	34.10
117	45.85	48.15	47.11	43.32	48.58	50.14	44.32	34.17
118	45.91	48.20	47.16	43.37	48.63	50.19	44.37	34.24
119	45.96	48.25	47.21	43.42	48.68	50.24	44.43	34.30
120	46.02	48.31	47.26	43.47	48.73	50.28	44.48	34.36
121	46.07	48.36	47.31	43.52	48.78	50.33	44.54	34.43
122	46.13	48.41	47.36	43.58	48.82	50.38	44.59	34.50
123	46.18	48.46	47.41	43.63	48.87	50.43	44.64	34.56
124	46.24	48.51	47.46	43.68	48.92	50.48	44.70	34.62
125	46.29	48.56	47.51	43.72	48.97	50.52	44.75	34.68
126	46.34	48.61	47.55	43.77	49.01	50.57	44.80	34.75
127	46.39	48.66	47.60	43.82	49.06	50.62	44.85	34.82
128	46.44	48.71	47.66	43.87	49.11	50.66	44.91	34.88
129	46.49	48.76	47.70	43.92	49.15	50.71	44.96	34.94
130	46.55	48.81	47.74	43.97	49.20	50.76	45.01	35.00