       0
       0
       0
       0
       0
       0
       0
       0
       0
       1
       0
       0
       0
       1
       0
       2
       0
       0
       4
     897
    1673
    1818
    1812
    1853
    1769
    1664
    1643
    1586
    1581
    1497
    1487
    1428
    1426
    1438
    1426
    1372
    1389
    1399
    1328
    1465
    1359
    1395
    1365
    1409
    1379
    1392
    1429
    1418
    1332
    1275
    1196
    1027
     847
     714
     688
     581
     551
     546
     539
     502
     512
     517
     578
     598
     713
     912
    1431
    2306
    3754
    5529
    7342
    8581
    8737
    7608
    5811
    3926
    2170
    1124
     479
     176
      71
      28
      19
      17
      19
      16
      16
      11
       9
      11
      14
      15
       6
      10
      11
      12
      11
      17
      16
       9
      12
       8
      12
       7
      10
       6
      12
       8
      13
       9
       7
       8
       7
       7
      10
       2
       6
      10
       9
       7
      10
      11
       4
       9
       8
       7
       2
       5
       7
       8
       8
       5
       3
       4
       7
       6
       5
       3
       6
       6
       2
       5
       6
       4
       5
       4
       3
       5
       6
       8
      10
       5
       7
       9
       7
       4
       3
       4
       3
       3
       1
       2
       2
       2
       0
       3
       2
       2
       1
       3
       1
       1
       0
       2
       0
       2
       0
       0
       2
       2
       3
       3
       3
       1
       2
       2
       0
       0
       1
       0
       1
       2
       2
       1
       1
       2
       1
       2
       1
       1
       0
       2
       2
       1
       1
       1
       1
       0
       0
       1
       2
       0
       2
       0
       0
       0
       0
       1
       3
       0
       0
       0
       2
       0
       0
       1
       0
       1
       0
       0
       0
       0
       2
       1
       0
       2
       0
       0
       1
       0
       0
       1
       0
       0
       0
       1
       1
       0
       0
       0
       0
       0
       0
       0
       0
       0
       0
       0
       0
       0
       0
       0
       1
       0
       0
       1
       0
       0
       0
       0
       1
       0
       2
       0
       0
       0
       0
       2
       1
       0
       1
       0
       0
       0
       0
       0
       0
       0
       1
       0
       0
       1
       0
       0
       1
       2
       0
       0
       0
       0
       0
       1
       0
       1
       1
       0
       0
       0
       1
       0
       0
       0
       0
       0
       0
       0
       0
       0
       0
       0
       0
       0
       0
       0
       0
       0
       0
       0
       0
       0
       0
       0
       0
       0
       0
       0
       0
       0
       0
       0
       0
       0
       1
       0
       0
       0
       1
       0
       0
       0
       0
       0
       0
       0
       0
       0
       0
       0
       0
       0
       0
       0
       0
       0
       0
       0
       0
       2
       0
       0
       0
       0
       0
       0
       0
       0
       0
       0
       0
       0
       0
       0
       1
       0
       0
       0
       0
       0
       0
       0
       0
       0
       0
       0
       0
       0
       0
       0
       0
       0
       0
       0
       0
       0
       0
       0
       0
       0
       0
       0
       1
       0
       0
       0
       0
       0
       0
       1
       0
       0
       0
       0
       0
       0
       0
       0
       0
       0
       0
       0
       0
       0
       0
       0
       1
       0
       0
       1
       0
       0
       0
       0
       0
       0
       0
       0
       0
       0
       0
       0
       0
       0
       0
       0
       0
       0
       0
       0
       0
       0
       0
       0
       0
       0
       0
       0
       0
       0
       0
       0
       0
       0
       0
       0
       0
       0
       0
       0
       0
       0
       0
       0
       0
       0
       0
       0
       0
       0
       0
       0
       0
       0
       0
       0
       0
       0
       0
       0
       0
       0
       0
       0
       0
       0
       0
       0
       0
       0
       0
       0
       0
       0