10      -50.4       0.13
11      -48.5       0.19
12      -47.0       0.28
13      -45.5       0.39
14      -44.0       0.56
15      -42.6       0.93
16      -41.3       1.20
17      -40.0       1.50
18      -38.5       1.95
19      -36.9       2.65
20      -35.4       3.40
21      -33.5       4.20
#22      -32.0       5.40
#23      -30.8       6.60
#24      -29.5       8.00
#25      -28.2       9.50
#26      -26.7       11.30
#27      -25.2       12.50
#28      -23.6       11.50
29      -21.9       6.70
30      -20.4       6.60
31      -19.1       7.10
32      -17.6       7.10
33      -16.1       7.00
34      -14.6       6.60
35      -13.0       6.45
36      -11.5       6.40
37      -10.0       6.40
38      -8.6        5.40
39      -7.3        2.50
40      -6.0        1.00
41      -4.5        0.55
42      -3.0        0.36
43      -1.4        0.31