#Messung r     rerr    q   qerr q_korr  q-korrerr
 1    0.70    0.03    6.15  0.34   7.25  0.40
 2    0.33    0.19    2.90  1.50   4.03  2.20
 3    0.58    0.04    4.68  0.24   5.70  0.30
 4    0.68    0.05    6.00  0.50   7.11  0.60
 5    0.71    0.02    3.79  0.16   4.46  0.19
 6    0.53    0.08    5.60  0.80   6.93  1.01
 7    0.40    1.00    0.10  0.30   0.13  0.40  
 8    0.26    0.19    4.90  3.40   7.37  5.46  
 9    0.76    0.01    4.62  0.13   5.38  0.15
 10   0.92    0.03    0.10  0.05   0.11  0.06
 11   0.60    0.03    4.75  0.29   5.75  0.35
 12   0.74    0.06    0.12  0.11   0.14  0.13
 13   0.65    0.06    0.13  0.01   0.16  0.01
 14   0.57    0.07    8.20  1.00  10.01  1.24
 15   0.83    0.03    6.76  0.31   7.78  0.36
 16   0.65    0.03    5.57  0.23   6.65  0.28
 17   0.56    0.24    0.15  0.07   0.18  0.09
 18   1.03    0.02    9.10  0.40  10.20  0.45
 19   1.06    0.03    0.11  0.01   0.12  0.01
 20   0.59    0.03    3.86  0.24   4.68  0.29


