       0
       0
       0
       0
     140
     151
     139
     150
     161
     162
     136
     155
     131
     137
     133
     126
     142
     131
     123
     147
     128
     131
     130
     128
     124
     121
     117
     109
     116
     125
     115
     116
     113
     118
      92
     107
     103
     100
     111
     101
     103
     108
     107
      94
     105
      92
     108
      96
      93
     102
     103
     106
      83
      86
      74
      93
      83
      71
      79
      93
      78
      94
      72
      92
      83
      80
      73
      88
      71
      88
      64
      76
      66
      60
      96
      92
      88
      90
      74
      78
      75
      73
      55
      62
      55
      56
      65
      67
      64
      64
      65
      63
      43
      64
      49
      63
      67
      50
      47
      57
      46
      68
      51
      64
      67
      52
      59
      59
      49
      48
      41
      53
      52
      50
      53
      58
      50
      56
      57
      45
      54
      49
      47
      48
      37
      50
      52
      40
      53
      46
      44
      40
      57
      37
      50
      37
      35
      33
      36
      39
      44
      36
      44
      31
      40
      44
      44
      31
      33
      31
      32
      41
      46
      27
      34
      32
      32
      29
      30
      33
      32
      31
      21
      36
      26
      36
      36
      29
      30
      28
      23
      27
      23
      32
      30
      27
      30
      25
      27
      28
      26
      16
      21
      27
      18
      21
      24
      15
      26
      22
      29
      22
      18
      21
      21
      21
      29
      25
      20
      18
      23
      17
       9
      28
      20
      22
      15
      23
      27
      23
      23
      17
      14
      15
      18
      17
      14
      19
      17
      23
      16
      16
      24
      15
      21
      13
      20
      13
      11
      14
      26
      18
       4
      16
      15
      20
      18
      17
      12
      15
      14
      18
      15
      17
      16
      16
      19
      16
      11
      12
      17
      12
      12
      11
      15
       9
      10
      11
      13
       9
      14
      12
      15
      15
      11
      14
      10
      10
      12
      10
       5
       5
       9
       8
      12
      11
       9
       4
      10
      12
      12
      10
       8
      10
       9
      14
      16
       7
       6
       8
       9
      12
      10
      11
      13
      12
       7
       6
       7
      10
       9
       8
      11
       7
      11
       7
       6
       8
      10
       5
       9
       3
      14
       5
       6
      13
       5
       5
       7
       7
       9
       8
       8
       7
       4
       9
       7
       7
       7
       5
       3
       5
       5
       3
       7
      10
       6
       6
       9
       9
       3
       7
       2
       9
       5
      13
      10
       5
       8
       5
       3
       5
       6
       7
      10
       3
       6
       8
       6
       5
       6
       6
       6
       4
       7
       6
       4
       6
       6
       5
       6
       3
       4
       2
       5
      10
       1
       7
       6
       6
       2
       4
       9
       2
       3
       6
       2
       5
       2
       4
       2
       3
       6
       7
       2
       3
       4
       1
       6
       6
       3
       8
       4
       5
       3
       9
       6
       1
       1
       5
       9
       3
       3
       3
       6
       2
       5
       4
       4
       4
       4
       6
       3
       2
       2
       1
       3
       6
       4
       3
       3
       1
       3
       2
       0
       1
       3
       4
       3
       0
       0
       0
       0
       0
       0
       0
       0
       0
       0
       0
       0
       0
       0
       0
       0
       0
       0
       0
       0
       0
       0
       0
       0
       0
       0
       0
       0
       0
       0
       0
       0
       0
       0
       0
       0
       0
       0
       0
       0
       0
       0
       0
       0
       0
       0
       0
       0
       0
       0
       0
       0
       0
       0
       0
       0
       0
       0
       0
       0
       0
       0
       0
       0
       0
       0
       0
       0
       0
       0
       0
       0
       0