#Verzögerung links ist negativ rechts positiv tv in ns counts n
-18         65
-17         100
-16         212
-15         336
-14         375
-13         497
-12         638
-11         699
-10         745
-9          850
-8          851
-7          833
-6          818
-5          824
-4          845
-3          849
-2          832
-1          882
0           852
1           844
2           819
3           848
4           855
5           859
6           901
7           889
8           888
9           887
10          886
11          851
12          843
13          822
14          895
15          840
16          854
17          778
18          701
19          611
20          521
21          434
22          317
23          250
24          183
25          95