#Spannung in v  Strom in microA counts
320 0.2 6365
330 0.2 6555
340 0.2 6571
350 0.2 6609
360 0.2 6680
370 0.2 6831
380 0.2 6693
390 0.2 6744
400 0.2 6862
410 0.2 6699
420 0.2 6801
430 0.3 6775
440 0.3 6825
450 0.3 6675
460 0.4 6791
470 0.4 6608
480 0.4 6911
490 0.4 6855
500 0.4 6930
510 0.4 6790
520 0.4 6766
530 0.5 6877
540 0.5 6791
550 0.5 6894
560 0.5 6885
570 0.6 6918
580 0.6 6924
590 0.6 6749
600 0.6 7055
610 0.6 6999
620 0.7 7017
630 0.7 7101
640 0.7 7006
650 0.7 7018
660 0.6 6989
670 0.7 6959
680 0.7 7077
690 0.8 7165
700 0.8 7201