4361
4256
4627
4272
4460
4104
4177
4266
4433
4389
4524
4259
4270
4630
4357
4638
4394
4602
4570
4528
4459
4436
4378
4466
4585
4564
4320
4455
4617
4347
4570
4305
4514
4534
4399
4384
4196
4525
4413
4573
4379
4425
4290
4600
4153
4580
4606
4265
4439
4370
4529
4650
4506
4622
4488
4415
4643
4491
4321
4629
4379
4212
4080
4546
4298
4345
4402
4607
4589
4706
4539
4602
4371
4444
4173
4586
4451
4576
4435
4577
4419
4521
4455
4513
4483
4321
4340
4289
4381
4348
4580
4360
4560
4588
4723
4313
4414
4216
4396
4651
