# Druck Zählrate Channel 1,7cm 
    0     162524  1023
    50    163290  960 
    100   163917  1039
    150   165093  1023
    200   165693  1023
    250   164583  1023
    300   166084  1023
    350   170833  1039
    400   169738  1023
    450   170667  1007
    500   170908  1023
    550   170471  1023
    600   170319  1023
    650   169636  975 
    700   158958  911 
    750   158632  903 
    800   156749  879 
    850   153795  847 
    900   150817  847 
    950   147773  815 
    1000  144032  803 