1	27.36	28.96	29.44	27.29	28.08	29.19	28.64	25.51
2	27.38	29.04	29.57	27.32	28.10	29.42	28.68	25.52
3	27.41	29.57	30.27	27.35	28.17	30.59	28.73	25.54
4	27.45	30.51	31.45	27.40	28.39	32.27	28.89	25.55
5	27.52	31.70	32.87	27.48	28.80	34.06	29.21	25.56
6	27.66	32.99	34.39	27.64	29.38	35.80	29.67	25.57
7	27.87	34.30	35.90	27.87	30.05	37.45	30.27	25.58
8	28.14	35.59	37.37	28.17	30.81	38.99	30.96	25.59
9	28.48	36.83	38.78	28.53	31.62	40.41	31.73	25.61
10	28.87	38.01	40.10	28.95	32.45	41.71	32.54	25.63
11	29.30	39.12	41.36	29.40	33.31	42.92	33.39	25.65
12	29.76	40.17	42.54	29.88	34.16	44.04	34.27	25.68
13	30.25	41.14	43.62	30.39	35.02	45.10	35.14	25.70
14	30.74	42.07	44.65	30.91	35.87	46.08	36.01	25.74
15	31.26	42.93	45.59	31.44	36.72	47.01	36.87	25.77
16	31.78	43.76	46.48	31.99	37.55	47.88	37.71	25.81
17	32.31	44.52	47.31	32.52	38.37	48.70	38.54	25.85
18	32.83	45.24	48.08	33.06	39.19	49.49	39.34	25.89
19	33.36	45.92	48.81	33.60	39.97	50.24	40.12	25.94
20	33.88	46.57	49.48	34.13	40.74	50.95	40.87	25.99
21	34.40	47.17	50.11	34.65	41.50	51.63	41.61	26.06
22	34.91	47.72	50.65	35.16	42.23	52.21	42.28	26.11
23	35.42	47.96	50.71	35.66	42.93	52.09	42.91	26.17
24	35.90	47.73	50.27	36.13	43.50	51.32	43.46	26.23
25	36.36	47.21	49.52	36.57	43.91	50.34	43.85	26.31
26	36.76	46.54	48.64	36.94	44.14	49.32	44.09	26.39
27	37.09	45.81	47.73	37.25	44.23	48.33	44.18	26.48
28	37.33	45.07	46.81	37.47	44.22	47.42	44.14	26.57
29	37.52	44.35	45.93	37.63	44.14	46.57	44.01	26.66
30	37.65	43.65	45.08	37.73	44.01	45.81	43.80	26.77
31	37.74	43.00	44.28	37.78	43.85	45.12	43.52	26.88
32	37.77	42.39	43.53	37.79	43.65	44.49	43.20	26.98
33	37.78	41.82	42.83	37.76	43.43	43.91	42.85	27.09
34	37.76	41.30	42.19	37.72	43.20	43.39	42.48	27.20
35	37.73	40.83	41.61	37.65	42.96	42.92	42.11	27.31
36	37.68	40.39	41.08	37.56	42.70	42.47	41.74	27.43
37	37.61	39.98	40.59	37.45	42.44	42.05	41.37	27.53
38	37.55	39.61	40.14	37.35	42.18	41.68	41.00	27.63
39	37.48	39.27	39.73	37.24	41.92	41.31	40.64	27.74
40	37.40	38.95	39.35	37.12	41.66	40.98	40.29	27.84
41	37.31	38.66	38.99	36.99	41.41	40.67	39.94	27.94
42	37.22	38.39	38.66	36.88	41.16	40.39	39.61	28.05
43	37.12	38.14	38.35	36.73	40.90	40.13	39.27	28.14
44	37.02	38.17	38.44	36.59	40.63	40.55	38.95	28.22
45	36.93	38.70	39.14	36.47	40.47	41.75	38.72	28.30
46	36.87	39.56	40.19	36.39	40.51	43.20	38.64	28.38
47	36.87	40.60	41.40	36.37	40.74	44.69	38.73	28.46
48	36.94	41.70	42.65	36.42	41.11	46.12	38.97	28.52
49	37.07	42.80	43.91	36.56	41.57	47.44	39.34	28.59
50	37.27	43.86	45.11	36.76	42.10	48.66	39.80	28.67
51	37.53	44.89	46.27	37.01	42.68	49.78	40.33	28.73
52	37.83	45.87	47.35	37.31	43.28	50.82	40.91	28.79
53	38.17	46.78	48.38	37.65	43.89	51.78	41.52	28.85
54	38.54	47.65	49.34	38.02	44.52	52.66	42.16	28.92
55	38.92	48.45	50.22	38.40	45.16	53.49	42.81	28.97
56	39.32	49.21	51.06	38.81	45.79	54.25	43.47	29.04
57	39.74	49.92	51.83	39.22	46.42	54.97	44.11	29.10
58	40.16	50.59	52.55	39.64	47.04	55.65	44.76	29.16
59	40.58	51.21	53.22	40.06	47.66	56.29	45.39	29.22
60	41.01	51.81	53.85	40.48	48.26	56.90	46.00	29.29
61	41.43	52.36	54.43	40.91	48.86	57.48	46.61	29.36
62	41.85	52.89	54.98	41.32	49.44	58.03	47.18	29.43
63	42.27	53.38	55.47	41.72	50.01	58.55	47.74	29.50
64	42.66	53.82	55.87	42.11	50.54	58.99	48.23	29.57
65	43.05	53.96	55.89	42.50	51.07	58.79	48.72	29.64
66	43.43	53.66	55.35	42.86	51.48	57.92	49.12	29.72
67	43.77	53.02	44.26	40.18	45.63	47.36	41.23	30.09
68	42.34	45.00	44.32	40.26	45.70	47.42	41.30	30.19
69	42.43	45.08	44.39	40.34	45.78	47.48	41.36	30.29
70	42.53	45.16	44.45	40.42	45.85	47.55	41.44	30.39
71	42.63	45.24	44.51	40.49	45.91	47.61	41.50	30.49
72	42.72	49.17	49.77	43.80	51.12	51.76	48.80	30.22
73	44.60	48.47	48.92	43.75	50.81	50.95	48.44	30.31
74	44.56	47.81	48.12	43.66	50.49	50.22	48.03	30.39
75	44.48	47.19	47.39	43.55	50.14	49.56	47.60	30.48
76	44.40	46.63	46.70	43.41	49.80	48.95	47.16	30.57
77	44.29	46.11	46.05	43.25	49.43	48.38	46.69	30.65
78	44.18	45.63	45.46	43.08	49.05	47.85	46.23	30.74
79	44.05	45.18	44.92	42.90	48.67	47.35	45.77	30.83
80	43.91	44.76	44.41	42.72	48.30	46.88	45.33	30.91
81	43.77	44.37	43.96	42.54	47.93	46.46	44.90	31.00
82	43.62	44.02	43.53	42.34	47.56	46.05	44.48	31.09
83	43.45	43.68	43.12	42.13	47.20	45.67	44.05	31.17
84	43.28	43.56	43.03	41.92	46.81	45.82	43.63	31.24
85	43.11	43.94	43.56	41.73	46.53	46.83	43.30	31.31
86	42.98	44.68	44.48	41.58	46.44	48.16	43.12	31.37
87	42.91	45.61	45.60	41.49	46.54	49.56	43.11	31.44
88	42.90	46.62	46.77	41.47	46.79	50.89	43.25	31.50
89	42.97	47.65	47.95	41.53	47.14	52.13	43.52	31.56
90	43.10	48.65	49.09	41.66	47.57	53.29	43.89	31.62
91	43.29	49.62	50.18	41.84	48.05	54.34	44.34	31.67
92	43.52	50.54	51.21	42.08	48.56	55.31	44.84	31.73
93	43.80	51.41	52.18	42.36	49.09	56.21	45.38	31.78
94	44.11	52.22	53.09	42.67	49.63	57.03	45.95	31.83
95	44.43	52.98	53.93	42.99	50.18	57.80	46.53	31.88
96	44.78	53.69	54.71	43.34	50.73	58.51	47.12	31.93
97	45.13	54.36	55.44	43.69	51.29	59.18	47.70	31.99
98	45.49	54.98	56.13	44.06	51.84	59.80	48.29	32.03
99	45.86	55.56	56.76	44.43	52.38	60.39	48.86	32.09
100	46.23	56.12	57.35	44.80	52.91	60.94	49.42	32.14
101	46.61	56.63	57.90	45.17	53.45	61.46	49.98	32.20
102	46.98	57.12	58.41	45.54	53.96	61.96	50.51	32.26
103	47.33	57.57	58.84	45.88	54.46	62.43	50.99	32.31
104	47.67	57.88	59.09	46.21	54.94	62.59	51.45	32.36
105	48.01	57.74	58.77	46.54	55.36	61.93	51.87	32.42
106	48.32	57.24	58.06	46.84	55.63	60.88	52.19	32.48
107	48.59	56.53	57.14	47.09	55.72	59.72	52.33	32.54
108	48.80	55.73	56.14	47.27	55.68	58.58	52.34	32.60
109	48.94	54.91	55.14	47.39	55.52	57.49	52.23	32.67
110	49.01	54.09	54.15	47.44	55.28	56.48	52.00	32.76
111	49.04	53.30	53.22	47.42	54.99	55.55	51.70	32.83
112	49.01	52.54	52.33	47.34	54.67	54.70	51.34	32.92
113	48.93	51.82	51.48	47.24	54.31	53.92	50.93	33.00
114	48.83	51.16	50.70	47.10	53.94	53.20	50.49	33.08
115	48.71	50.55	49.97	46.93	53.56	52.54	50.02	33.16
116	48.57	49.97	49.30	46.74	53.17	51.93	49.57	33.24
117	48.41	49.44	48.66	46.55	52.77	51.35	49.10	33.33
118	48.24	48.94	48.10	46.35	52.36	50.81	48.63	33.40
119	48.07	48.48	47.56	46.13	51.95	50.30	48.18	33.48
120	47.89	48.06	47.07	45.91	51.55	49.83	47.73	33.54
121	47.70	47.67	46.61	45.69	51.15	49.38	47.28	33.61
122	47.52	47.31	46.19	45.47	50.76	48.97	46.85	33.66
123	47.33	46.96	45.77	45.23	50.37	48.56	46.41	33.73
124	47.11	46.67	45.46	44.99	49.95	48.32	45.99	33.77
125	46.90	46.82	45.73	44.76	49.58	49.00	45.61	33.81
126	46.72	47.41	46.51	44.55	49.38	50.22	45.36	33.85
127	46.58	48.27	47.55	44.40	49.38	51.59	45.28	33.91
128	46.51	49.23	48.71	44.32	49.55	52.95	45.35	33.95
129	46.51	50.25	49.89	44.33	49.84	54.23	45.57	33.99
130	46.59	51.26	51.05	44.40	50.22	55.42	45.90	34.03
131	46.72	52.23	52.17	44.55	50.66	56.50	46.32	34.07
132	46.90	53.16	53.22	44.74	51.13	57.50	46.80	34.11
133	47.13	54.04	54.22	44.98	51.64	58.42	47.33	34.14
134	47.40	54.86	55.16	45.25	52.16	59.28	47.89	34.18
135	47.68	55.63	56.01	45.55	52.70	60.06	48.46	34.21
136	48.00	56.35	56.83	45.87	53.23	60.79	49.05	34.25
137	48.32	57.03	57.58	46.21	53.77	61.46	49.64	34.29
138	48.66	57.66	58.28	46.55	54.31	62.10	50.23	34.32
139	49.00	58.25	58.93	46.90	54.83	62.69	50.81	34.37
140	49.34	58.80	59.53	47.25	55.37	63.25	51.37	34.40
141	49.69	59.31	60.09	47.61	55.88	63.78	51.93	34.45
142	50.04	59.80	60.60	47.95	56.38	64.28	52.48	34.50
143	50.38	60.23	61.01	48.27	56.86	64.70	52.96	34.53
144	50.69	60.33	60.95	48.53	57.24	64.37	53.37	34.54
145	51.00	60.02	60.44	48.83	57.54	63.48	53.73	34.57
146	51.28	59.42	59.65	49.09	57.72	62.35	54.01	34.61
147	51.50	58.66	58.71	49.30	57.74	61.20	54.10	34.66
148	51.66	57.84	57.73	49.45	57.65	60.09	54.06	34.71
149	51.75	57.02	56.74	49.53	57.46	59.06	53.90	34.78
150	51.78	56.20	55.76	49.53	57.21	58.10	53.63	34.85
151	51.76	55.42	54.85	49.48	56.91	57.21	53.30	34.92
152	51.69	54.68	54.00	49.38	56.58	56.39	52.94	34.98
153	51.60	53.99	53.19	49.25	56.21	55.64	52.53	35.05
154	51.47	53.35	52.45	49.09	55.83	54.95	52.10	35.11
155	51.34	52.75	51.76	48.91	55.43	54.30	51.65	35.18
156	51.17	52.19	51.10	48.72	55.03	53.70	51.20	35.24
157	50.99	51.67	50.49	48.51	54.63	53.15	50.73	35.31
158	50.80	51.19	49.94	48.28	54.23	52.63	50.26	35.37
159	50.61	50.74	49.41	48.05	53.81	52.14	49.81	35.43
160	50.41	50.31	48.94	47.83	53.40	51.69	49.37	35.49
161	50.19	49.92	48.48	47.60	53.00	51.25	48.93	35.55
162	49.98	49.55	48.08	47.37	52.61	50.85	48.50	35.60
163	49.78	49.21	47.69	47.14	52.22	50.46	48.11	35.65
164	49.54	49.00	47.49	46.86	51.80	50.44	47.68	35.68
165	49.32	49.28	47.93	46.61	51.45	51.32	47.33	35.72
166	49.12	49.96	48.79	46.40	51.30	52.59	47.13	35.74
167	48.99	50.85	49.87	46.26	51.33	53.95	47.10	35.78
168	48.92	51.82	51.03	46.20	51.54	55.28	47.22	35.81
169	48.93	52.83	52.21	46.21	51.85	56.51	47.48	35.85
170	49.01	53.81	53.34	46.30	52.24	57.66	47.83	35.88
171	49.15	54.78	54.43	46.46	52.69	58.71	48.27	35.91
172	49.34	55.67	55.47	46.66	53.16	59.68	48.76	35.94
173	49.57	56.52	56.44	46.90	53.67	60.56	49.30	35.98
174	49.83	57.32	57.34	47.18	54.19	61.38	49.87	36.00
175	50.12	58.06	58.19	47.48	54.72	62.14	50.45	36.03
176	50.43	58.76	58.97	47.80	55.25	62.85	51.03	36.06
177	50.74	59.41	59.69	48.13	55.78	63.50	51.62	36.09
178	51.07	60.02	60.37	48.47	56.32	64.12	52.20	36.13
179	51.41	60.59	60.99	48.81	56.84	64.69	52.77	36.16
180	51.75	61.13	61.58	49.16	57.36	65.24	53.33	36.19
181	52.08	61.62	62.13	49.51	57.87	65.75	53.88	36.23
182	52.43	62.09	62.64	49.86	58.38	66.24	54.42	36.28
183	52.75	62.52	63.06	50.17	58.85	66.68	54.90	36.30
184	53.06	62.73	63.16	50.43	59.26	66.66	55.31	36.29
185	53.35	62.52	62.77	50.73	59.59	65.88	55.68	36.31
186	53.63	61.98	62.03	51.01	59.80	64.80	55.97	36.36
187	53.85	61.24	61.09	51.23	59.86	63.65	56.08	36.42
188	54.01	60.41	60.09	51.40	59.80	62.51	56.07	36.48
189	54.10	59.56	59.07	51.48	59.62	61.44	55.92	36.54
190	54.14	58.72	58.11	51.50	59.38	60.44	55.69	36.60
191	54.12	57.91	57.17	51.45	59.07	59.51	55.39	36.66
192	54.05	57.14	56.28	51.36	58.74	58.67	55.03	36.73
193	53.95	56.42	55.46	51.24	58.37	57.88	54.63	36.79
194	53.81	55.73	54.69	51.08	57.99	57.16	54.21	36.85
195	53.65	55.10	53.95	50.90	57.59	56.49	53.74	36.91
196	53.48	54.51	53.29	50.70	57.19	55.88	53.29	36.97
197	53.30	53.96	52.66	50.48	56.77	55.29	52.82	37.02
198	53.09	53.46	52.07	50.26	56.35	54.75	52.35	37.08
199	52.89	52.98	51.53	50.03	55.92	54.24	51.88	37.13
200	52.69	52.55	51.03	49.79	55.50	53.75	51.42	37.19
201	52.48	52.13	50.58	49.56	55.09	53.29	50.98	37.24
202	52.28	51.75	50.15	49.33	54.68	52.86	50.55	37.29
203	52.05	51.40	49.72	49.03	54.23	52.45	50.09	37.31
204	51.80	51.35	49.75	48.76	53.80	52.78	49.67	37.34
205	51.57	51.78	50.37	48.52	53.50	53.84	49.35	37.37
206	51.39	52.53	51.32	48.33	53.41	55.15	49.19	37.40
207	51.26	53.44	52.42	48.22	53.50	56.47	49.21	37.44
208	51.21	54.41	53.57	48.19	53.73	57.74	49.36	37.47
209	51.24	55.38	54.71	48.23	54.06	58.92	49.64	37.51
210	51.34	56.34	55.80	48.34	54.46	60.01	50.02	37.54
211	51.48	57.25	56.86	48.50	54.91	61.00	50.46	37.57
212	51.68	58.10	57.84	48.71	55.38	61.92	50.96	37.60
213	51.91	58.92	58.76	48.96	55.87	62.76	51.49	37.63
214	52.16	59.67	59.62	49.24	56.38	63.54	52.04	37.66
215	52.44	60.37	60.43	49.54	56.89	64.26	52.61	37.69
216	52.74	61.04	61.17	49.86	57.41	64.93	53.18	37.72
217	53.05	61.65	61.86	50.18	57.93	65.56	53.75	37.74
218	53.36	62.23	62.51	50.52	58.44	66.13	54.30	37.77
219	53.69	62.76	63.10	50.86	58.95	66.69	54.86	37.81
220	54.01	63.28	63.66	51.19	59.45	67.20	55.40	37.85
221	54.34	63.74	64.17	51.53	59.93	67.69	55.93	37.88
222	54.67	64.19	64.65	51.87	60.42	68.16	56.44	37.92
223	54.97	64.57	65.00	52.16	60.87	68.55	56.87	37.94
224	55.27	64.69	65.00	52.44	61.27	68.33	57.27	37.95
225	55.54	64.36	64.48	52.72	61.60	67.46	57.63	37.97
226	55.79	63.72	63.64	52.97	61.78	66.35	57.85	38.01
227	55.98	62.93	62.66	53.16	61.79	65.19	57.92	38.06
228	56.11	62.09	61.64	53.28	61.68	64.05	57.86	38.11
229	56.17	61.22	60.61	53.33	61.47	62.99	57.68	38.17
230	56.17	60.38	59.64	53.30	61.19	62.00	57.41	38.21
231	56.12	59.55	58.71	53.24	60.87	61.08	57.08	38.26
232	56.03	58.80	57.83	53.13	60.51	60.25	56.70	38.33
233	55.89	58.08	56.99	52.98	60.13	59.48	56.26	38.40
234	55.73	57.40	56.21	52.80	59.72	58.76	55.81	38.46
235	55.56	56.76	55.48	52.60	59.31	58.10	55.33	38.52
236	55.36	56.17	54.82	52.38	58.89	57.49	54.86	38.58
237	55.15	55.62	54.20	52.16	58.46	56.91	54.38	38.64
238	54.93	55.10	53.61	51.92	58.03	56.36	53.89	38.70
239	54.72	54.62	53.07	51.69	57.60	55.85	53.42	38.76
240	54.49	54.18	52.58	51.45	57.18	55.36	52.96	38.82
241	54.27	53.77	52.11	51.20	56.75	54.90	52.51	38.86
242	54.04	53.38	51.68	50.94	56.33	54.47	52.07	38.91
243	53.78	53.00	51.24	50.64	55.88	54.07	51.60	38.92
244	53.53	52.95	51.28	50.36	55.43	54.40	51.19	38.95
245	53.29	53.37	51.90	50.11	55.12	55.45	50.86	38.97
246	53.09	54.12	52.85	49.92	55.02	56.73	50.70	39.00
247	52.96	55.02	53.95	49.80	55.10	58.05	50.70	39.03
248	52.90	55.98	55.09	49.75	55.32	59.30	50.86	39.06
249	52.92	56.96	56.22	49.78	55.64	60.47	51.13	39.08
250	53.00	57.90	57.32	49.89	56.03	61.55	51.50	39.11
251	53.15	58.80	58.36	50.05	56.47	62.53	51.94	39.13
252	53.33	59.66	59.34	50.25	56.93	63.44	52.43	39.15
253	53.55	60.45	60.26	50.50	57.42	64.28	52.96	39.18
254	53.80	61.21	61.12	50.77	57.92	65.05	53.51	39.20
255	54.08	61.90	61.91	51.06	58.43	65.76	54.07	39.23
256	54.36	62.56	62.64	51.37	58.94	66.43	54.63	39.25
257	54.67	63.17	63.33	51.69	59.44	67.05	55.20	39.28
258	54.98	63.73	63.96	52.02	59.95	67.62	55.76	39.31
259	55.30	64.27	64.56	52.35	60.45	68.16	56.31	39.34
260	55.61	64.77	65.11	52.68	60.94	68.68	56.84	39.37
261	55.93	65.24	65.62	53.02	61.43	69.16	57.37	39.40
262	56.25	65.67	66.10	53.35	61.90	69.62	57.87	39.44
263	56.55	66.05	66.44	53.62	62.35	70.00	58.31	39.44
264	56.84	66.14	66.38	53.90	62.76	69.71	58.71	39.44
265	57.12	65.78	65.81	54.17	63.06	68.80	59.05	39.47
266	57.36	65.13	64.93	54.40	63.21	67.66	59.26	39.49
267	57.55	64.34	63.94	54.56	63.20	66.48	59.29	39.51
268	57.67	63.48	62.91	54.66	63.05	65.34	59.20	39.54
269	57.72	62.62	61.91	54.70	62.82	64.28	59.02	39.57
270	57.72	61.77	60.91	54.67	62.53	63.28	58.72	39.61
271	57.65	60.96	59.97	54.59	62.19	62.37	58.37	39.65
272	57.55	60.19	59.08	54.46	61.81	61.52	57.96	39.69
273	57.42	59.48	58.25	54.29	61.40	60.73	57.51	39.74
274	57.26	58.81	57.46	54.10	60.98	60.00	57.05	39.78
275	57.08	58.18	56.73	53.88	60.55	59.33	56.56	39.83
276	56.88	57.59	56.06	53.67	60.11	58.70	56.07	39.88
277	56.66	57.04	55.45	53.44	59.67	58.11	55.60	39.94
278	56.44	56.52	54.87	53.19	59.24	57.57	55.12	39.99
279	56.21	56.04	54.33	52.94	58.81	57.06	54.65	40.04
280	55.98	55.60	53.83	52.70	58.37	56.56	54.18	40.08
281	55.74	55.18	53.37	52.45	57.93	56.09	53.73	40.13
282	55.49	54.78	52.92	52.20	57.50	55.66	53.28	40.17
283	55.22	54.43	52.53	51.90	57.04	55.33	52.81	40.19
284	54.95	54.47	52.68	51.61	56.61	55.84	52.39	40.21
285	54.70	54.96	53.37	51.36	56.33	56.95	52.08	40.23
286	54.51	55.73	54.35	51.17	56.26	58.25	51.95	40.26
287	54.39	56.65	55.45	51.05	56.37	59.54	51.98	40.28
288	54.33	57.60	56.59	51.02	56.61	60.77	52.16	40.31
289	54.35	58.56	57.70	51.06	56.94	61.92	52.45	40.33
290	54.44	59.49	58.78	51.17	57.34	62.97	52.83	40.36
291	54.59	60.37	59.80	51.33	57.78	63.93	53.29	40.38
292	54.77	61.19	60.76	51.54	58.25	64.83	53.77	40.40
293	54.99	61.98	61.65	51.79	58.73	65.64	54.30	40.43
294	55.24	62.71	62.49	52.06	59.23	66.39	54.85	40.45
295	55.51	63.39	63.27	52.35	59.73	67.09	55.41	40.47
296	55.80	64.03	63.98	52.65	60.23	67.74	55.97	40.50
297	56.09	64.62	64.66	52.97	60.73	68.34	56.53	40.52
298	56.39	65.17	65.28	53.30	61.24	68.91	57.08	40.55
299	56.70	65.69	65.85	53.62	61.73	69.44	57.62	40.57
300	57.01	66.17	66.38	53.95	62.22	69.94	58.15	40.61
301	57.33	66.63	66.87	54.28	62.70	70.42	58.67	40.63
302	57.64	67.05	67.34	54.60	63.17	70.86	59.17	40.67
303	57.95	67.46	67.77	54.93	63.63	71.29	59.64	40.71
304	58.23	67.66	67.86	55.20	64.05	71.29	60.04	40.72
305	58.50	67.40	67.42	55.48	64.40	70.54	60.39	40.75
306	58.74	66.81	66.62	55.72	64.61	69.45	60.64	40.78
307	58.93	66.04	65.65	55.91	64.64	68.27	60.73	40.81
308	59.06	65.18	64.61	56.03	64.54	67.12	60.68	40.86
309	59.12	64.30	63.58	56.08	64.32	66.01	60.52	40.90
310	59.12	63.45	62.58	56.06	64.04	64.99	60.25	40.95
311	59.08	62.61	61.61	55.97	63.70	64.04	59.91	40.99
312	58.99	61.82	60.69	55.86	63.32	63.16	59.51	41.03
313	58.86	61.09	59.84	55.69	62.92	62.35	59.07	41.06
314	58.70	60.39	59.04	55.51	62.51	61.61	58.62	41.10
315	58.51	59.73	58.29	55.30	62.07	60.91	58.13	41.16
316	58.30	59.11	57.59	55.07	61.63	60.27	57.65	41.20
317	58.09	58.55	56.95	54.82	61.18	59.66	57.17	41.25
318	57.87	58.02	56.35	54.58	60.73	59.08	56.66	41.29
319	57.64	57.52	55.79	54.33	60.30	58.55	56.18	41.34
320	57.40	57.06	55.27	54.07	59.85	58.04	55.70	41.38
321	57.16	56.63	54.78	53.81	59.41	57.57	55.23	41.42
322	56.91	56.22	54.32	53.56	58.99	57.12	54.77	41.46
323	56.65	55.83	53.87	53.26	58.53	56.73	54.27	41.47
324	56.37	55.80	53.94	52.97	58.06	57.13	53.83	41.49
325	56.11	56.23	54.57	52.71	57.75	58.19	53.51	41.50
326	55.90	56.98	55.51	52.51	57.64	59.46	53.34	41.53
327	55.76	57.86	56.59	52.38	57.73	60.74	53.34	41.54
328	55.69	58.81	57.72	52.33	57.94	61.97	53.50	41.57
329	55.70	59.74	58.83	52.35	58.25	63.11	53.76	41.59
330	55.77	60.67	59.89	52.45	58.63	64.16	54.12	41.61
331	55.91	61.56	60.92	52.61	59.05	65.12	54.55	41.63
332	56.08	62.38	61.87	52.81	59.50	66.00	55.03	41.65
333	56.30	63.16	62.76	53.04	59.97	66.81	55.54	41.67
334	56.54	63.89	63.59	53.30	60.46	67.56	56.07	41.69
335	56.80	64.56	64.37	53.58	60.95	68.25	56.62	41.71
336	57.08	65.20	65.08	53.88	61.45	68.89	57.17	41.73
337	57.36	65.79	65.75	54.19	61.94	69.49	57.72	41.75
338	57.66	66.34	66.37	54.51	62.44	70.06	58.27	41.78
339	57.96	66.86	66.94	54.82	62.92	70.59	58.80	41.80
340	58.27	67.34	67.48	55.15	63.40	71.08	59.33	41.82
341	58.57	67.79	67.98	55.47	63.87	71.55	59.84	41.86
342	58.88	68.21	68.43	55.78	64.33	71.99	60.33	41.89
343	59.17	68.57	68.75	56.05	64.75	72.34	60.74	41.89
344	59.44	68.61	68.64	56.33	65.12	72.00	61.12	41.91
345	59.69	68.22	68.04	56.60	65.41	71.07	61.42	41.94
346	59.91	67.55	67.16	56.82	65.54	69.93	61.61	41.96
347	60.07	66.73	66.17	56.98	65.51	68.74	61.64	41.99
348	60.16	65.86	65.14	57.07	65.35	67.60	61.55	42.03
349	60.20	64.98	64.11	57.08	65.12	66.52	61.35	42.06
350	60.17	64.12	63.11	57.04	64.81	65.53	61.05	42.11
351	60.08	63.30	62.16	56.94	64.47	64.63	60.69	42.16
352	59.97	62.52	61.27	56.81	64.08	63.78	60.28	42.22
353	59.82	61.79	60.42	56.63	63.67	62.99	59.83	42.28
354	59.63	61.11	59.64	56.42	63.26	62.27	59.37	42.33
355	59.43	60.47	58.91	56.20	62.82	61.59	58.89	42.37
356	59.22	59.86	58.23	55.96	62.39	60.97	58.41	42.43
357	58.99	59.30	57.60	55.72	61.95	60.38	57.91	42.48
358	58.76	58.78	57.01	55.46	61.51	59.82	57.42	42.53
359	58.52	58.28	56.47	55.20	61.06	59.31	56.94	42.57
360	58.27	57.83	55.96	54.93	60.62	58.81	56.47	42.62
361	58.02	57.40	55.48	54.66	60.19	58.34	56.00	42.65
362	57.77	56.99	55.04	54.39	59.76	57.91	55.57	42.69
363	57.50	56.62	54.61	54.10	59.31	57.50	55.10	42.70
364	57.21	56.52	54.60	53.80	58.85	57.78	54.68	42.70
365	56.94	56.91	55.18	53.53	58.52	58.78	54.32	42.70
366	56.72	57.63	56.10	53.32	58.40	60.04	54.15	42.71
367	56.56	58.51	57.18	53.17	58.46	61.34	54.13	42.72
368	56.49	59.45	58.30	53.11	58.66	62.58	54.27	42.74
369	56.48	60.41	59.42	53.12	58.96	63.74	54.53	42.75
370	56.55	61.34	60.50	53.21	59.34	64.81	54.89	42.76
371	56.67	62.23	61.53	53.35	59.75	65.79	55.32	42.78
372	56.84	63.07	62.51	53.55	60.21	66.69	55.80	42.79
373	57.05	63.86	63.42	53.78	60.68	67.51	56.32	42.80
374	57.29	64.60	64.26	54.04	61.17	68.27	56.85	42.82
375	57.55	65.29	65.04	54.32	61.66	68.97	57.40	42.83
376	57.82	65.93	65.77	54.61	62.16	69.62	57.95	42.85
377	58.11	66.53	66.45	54.92	62.66	70.23	58.51	42.86
378	58.40	67.09	67.08	55.24	63.15	70.80	59.06	42.88
379	58.70	67.61	67.67	55.55	63.64	71.33	59.60	42.90
380	59.01	68.10	68.20	55.88	64.12	71.84	60.13	42.92
381	59.31	68.55	68.71	56.20	64.60	72.31	60.65	42.94
382	59.63	68.98	69.18	56.52	65.06	72.76	61.15	42.97
383	59.90	69.35	69.48	56.76	65.49	73.13	61.56	42.96
384	60.16	69.42	69.38	56.95	65.80	72.82	61.89	42.91
385	60.44	69.10	68.87	57.20	66.09	71.93	62.22	42.91
386	60.68	68.47	68.04	57.43	66.23	70.78	62.43	42.93
387	60.86	67.68	67.05	57.60	66.20	69.60	62.49	42.94
388	60.97	66.81	66.02	57.69	66.07	68.47	62.41	42.96
389	61.01	65.93	65.00	57.72	65.84	67.39	62.23	42.98
390	60.99	65.07	64.02	57.68	65.54	66.38	61.95	43.02
391	60.92	64.25	63.05	57.60	65.19	65.45	61.57	43.07
392	60.80	63.47	62.14	57.47	64.81	64.59	61.17	43.11
393	60.66	62.74	61.29	57.31	64.40	63.79	60.72	43.16
394	60.49	62.05	60.51	57.12	63.98	63.05	60.25	43.20
395	60.29	61.39	59.76	56.90	63.56	62.37	59.77	43.25
396	60.07	60.78	59.08	56.67	63.12	61.73	59.27	43.29
397	59.84	60.21	58.44	56.44	62.68	61.15	58.78	43.35
398	59.60	59.68	57.84	56.17	62.25	60.60	58.29	43.39
399	59.37	59.18	57.29	55.92	61.81	60.08	57.82	43.43
400	59.12	58.72	56.77	55.66	61.38	59.59	57.34	43.47
401	58.88	58.29	56.28	55.39	60.94	59.13	56.88	43.51
402	58.64	57.89	55.83	55.12	60.51	58.68	56.42	43.55